8.0565469265
7.56172299385
8.0617210865
6.61695504189
6.55110502243
6.43911099434
7.5078599453
6.47829198837
7.81146597862
6.25296401978
6.47873497009
6.95903491974
6.449187994
8.20521497726
6.21498799324
7.05947184563
7.33251690865
6.80262804031
6.54911112785
7.13109397888
6.71515202522
5.6935300827
7.58245301247
6.45757389069
6.85624504089
7.6808860302
6.74771881104
6.34976315498
6.31373715401
7.18983888626
6.74096608162
7.42162084579
7.40539193153
6.3709590435
7.11811685562
6.75067281723
7.07487487793
7.42309308052
8.1452870369
6.1361989975
7.53398299217
7.92334794998
6.74339604378
6.9117269516
6.68890595436
7.28242301941
7.46919608116
6.87783193588
6.98718881607
6.4078400135
8.79104995728
8.01671600342
7.11224389076
7.31977796555
6.63646507263
6.2781188488
8.48152494431
6.4296400547
5.94955611229
6.75208497047
7.3673350811
7.49246287346
7.41155600548
7.57543611526
6.93111491203
7.00688910484
6.91021609306
7.2492480278
7.16147398949
7.96484589577
7.81185603142
6.6026699543
7.10854911804
5.80244493484
7.49059295654
6.52759099007
5.80120491982
6.78167200089
7.13140797615
7.1938970089
5.86402106285
7.72749090195
7.25366187096
6.72379302979
6.63474798203
6.44410300255
8.03492212296
7.00592780113
6.80005216599
6.67474794388
6.78281593323
6.88833117485
6.53959798813
6.87445211411
7.0350048542
7.30172610283
6.60398507118
6.0583729744
7.51320409775
7.01342105865
6.44157910347
5.78639793396
7.69766402245
7.93106389046
7.24692702293
6.77940607071
7.01459002495
6.17680597305
6.78323507309
8.14814114571
6.93882989883
7.73948383331
7.16423797607
8.1408970356
5.88872408867
7.09529304504
6.3284778595
6.89733505249
7.83415794373
6.52664804459
6.58579993248
6.89082694054
6.91251301765
6.95016694069
7.25235104561
6.14542102814
6.95259785652
6.6945168972
7.4304599762
6.87591004372
7.70245718956
6.64212489128
6.04753303528
6.88153290749
7.03752303123
6.91002583504
6.1367020607
6.99579596519
6.61137509346
6.13215613365
5.99591112137
5.76036810875
8.42080688477
7.99460101128
7.4919629097
6.02424883842
6.85457515717
6.51815795898
6.71559309959
6.64245390892
8.36238908768
7.4370880127
6.15579795837
6.22481489182
7.11112689972
6.14258384705
8.32284092903
7.02565002441
5.7040579319
6.82657504082
7.59609103203
7.35608315468
7.28706383705
7.50776100159
6.45675420761
7.03650093079
5.8991830349
5.99432206154
7.65911793709
7.43920397758
6.65780115128
5.94105005264
6.29892802238
6.86023187637
7.20124912262
6.38965821266
7.54702115059
6.61678981781
7.23626995087
7.5851111412
7.66340398788
6.95947098732
6.68943190575
6.91809201241
6.75972890854
6.39442801476
6.29792094231
8.10044598579
7.57164287567
6.26841688156
6.39695000648
6.69391393661
6.60803604126
6.04829597473
7.17191886902
6.71373510361
6.48145699501
7.3480951786
6.66711401939
7.60339808464
6.8340420723
6.62970089912
7.21070504189
6.07112216949
7.41097211838
5.92540001869
6.38274097443
6.44554901123
6.38477420807
7.6015381813
7.11169409752
6.31620311737
6.20669913292
6.36888003349
6.49113202095
6.88979387283
6.32525992393
7.41301393509
6.05107498169
7.84406709671
6.71392512321
6.16354894638
8.31109499931
6.65982508659
7.7758140564
5.81907200813
6.34859204292
6.41135787964
6.89818096161
6.19038891792
6.88758897781
7.44131803513
6.47287106514
7.33375287056
6.11597204208
6.80283999443
7.53375411034
7.17761111259
6.34249186516
7.64922404289
7.41244292259
7.65154314041
7.28734993935
6.80072999001
6.57679009438
6.36616706848
7.97416496277
6.88723182678
6.8494310379
6.50191712379
6.37409090996
6.74028396606
7.41476607323
6.85955500603
7.03030109406
7.37108111382
5.97561502457
7.93981194496
7.59728002548
7.17258286476
6.7517888546
6.10638999939
6.8091609478
7.33325695992
6.87300395966
6.17157411575
6.41076016426
7.55491709709
6.96666097641
6.11606287956
7.16007399559
6.04786491394
7.24564695358
7.29605484009
7.66286802292
7.02366495132
7.50442385674
8.27244019508
7.00224804878
6.91757583618
6.0557320118
6.57436418533
7.20305800438
7.52554798126
7.45413613319
6.70914006233
7.33409810066
6.09425497055
6.47854208946
6.50438404083
7.11152386665
7.78645420074
6.24338817596
7.4386818409
6.21048498154
6.6456720829
8.26201677322
8.02715611458
6.33415389061
7.46381497383
7.32792806625
6.846170187
7.38704609871
6.18875002861
6.78093910217
7.54600715637
6.96772193909
6.49645280838
7.27038812637
6.23381018639
6.63345909119
7.4457359314
6.77218008041
7.02856302261
6.3622751236
6.08004593849
7.34980988503
6.90820503235
6.41258001328
6.94666194916
7.4591178894
6.35045599937
8.57877206802
6.22985291481
6.95174098015
6.41144895554
8.0617210865
6.61695504189
6.55110502243
6.43911099434
7.5078599453
6.47829198837
7.81146597862
6.25296401978
6.47873497009
6.95903491974
6.449187994
8.20521497726
6.21498799324
7.05947184563
7.33251690865
6.80262804031
6.54911112785
7.13109397888
6.71515202522
5.6935300827
7.58245301247
6.45757389069
6.85624504089
7.6808860302
6.74771881104
6.34976315498
6.31373715401
7.18983888626
6.74096608162
7.42162084579
7.40539193153
6.3709590435
7.11811685562
6.75067281723
7.07487487793
7.42309308052
8.1452870369
6.1361989975
7.53398299217
7.92334794998
6.74339604378
6.9117269516
6.68890595436
7.28242301941
7.46919608116
6.87783193588
6.98718881607
6.4078400135
8.79104995728
8.01671600342
7.11224389076
7.31977796555
6.63646507263
6.2781188488
8.48152494431
6.4296400547
5.94955611229
6.75208497047
7.3673350811
7.49246287346
7.41155600548
7.57543611526
6.93111491203
7.00688910484
6.91021609306
7.2492480278
7.16147398949
7.96484589577
7.81185603142
6.6026699543
7.10854911804
5.80244493484
7.49059295654
6.52759099007
5.80120491982
6.78167200089
7.13140797615
7.1938970089
5.86402106285
7.72749090195
7.25366187096
6.72379302979
6.63474798203
6.44410300255
8.03492212296
7.00592780113
6.80005216599
6.67474794388
6.78281593323
6.88833117485
6.53959798813
6.87445211411
7.0350048542
7.30172610283
6.60398507118
6.0583729744
7.51320409775
7.01342105865
6.44157910347
5.78639793396
7.69766402245
7.93106389046
7.24692702293
6.77940607071
7.01459002495
6.17680597305
6.78323507309
8.14814114571
6.93882989883
7.73948383331
7.16423797607
8.1408970356
5.88872408867
7.09529304504
6.3284778595
6.89733505249
7.83415794373
6.52664804459
6.58579993248
6.89082694054
6.91251301765
6.95016694069
7.25235104561
6.14542102814
6.95259785652
6.6945168972
7.4304599762
6.87591004372
7.70245718956
6.64212489128
6.04753303528
6.8815329074
7.03752303123
6.91002583504
6.1367020607
6.99579596519
6.61137509346
6.13215613365
5.99591112137
5.76036810875
8.42080688477
7.99460101128
7.4919629097
6.02424883842
6.85457515717
6.51815795898
6.71559309959
6.64245390892
8.36238908768
7.4370880127
6.15579795837
6.22481489182
7.11112689972
6.14258384705
8.32284092903
7.02565002441
5.7040579319
6.82657504082
7.59609103203
7.35608315468
7.28706383705
7.50776100159
6.45675420761
7.03650093079
5.8991830349
5.99432206154
7.65911793709
7.43920397758
6.65780115128
5.94105005264
6.29892802238
6.86023187637
7.20124912262
6.38965821266