15.3187098503
17.5774230957
18.6930921078
17.1074240208
18.1973519325
17.4123308659
17.8161790371
18.6337599754
16.4994740486
16.8110091686
18.1757230759
17.2964069843
17.4596180916
17.6411550045
19.4357659817
18.033960104
17.3657701015
16.7553429604
17.6581230164
18.3535699844
18.6427628994
18.2991380692
17.7427577972
18.6093549728
19.1090929508
16.8410189152
16.2514808178
17.9449560642
18.9806740284
19.4798059464
18.4744040966
18.1070318222
18.2411570549
17.9406340122
18.0915608406
16.9469029903
18.98396492
19.0864830017
19.1500971317
19.0457339287
17.7928800583
16.81665802
18.9266109467
18.3420240879
18.2851350307
18.6564319134
17.3808860779
18.3420610428
17.6661458015
16.9451491833
17.6027960777
17.897660017
16.8848390579
17.2433178425
18.1756269932
16.9763998985
17.8089408875
17.9894769192
16.3636958599
18.1757390499
19.0270531178
17.8634178638
18.4411430359
18.1093289852
18.0501270294
17.3731720448
16.7284321785
18.640296936
16.5496940613
18.5148940086
17.9103999138
18.2820739746
18.2155499458
17.855235815
19.1944439411
15.9684081078
19.3866331577
18.2060987949
17.3021337986
18.579200983
18.0737700462
17.8118469715
19.1604831219
18.376044035
17.3351159096
17.9541668892
19.05311203
18.1978399754
17.1733219624
18.0896410942
18.1826331615
18.5596861839
18.9862480164
18.0825829506
17.8383250237
19.0479037762
17.2046501637
17.5143110752
16.7966349125
18.2296860218
17.9258761406
17.111232996
18.7067568302
18.1565909386
17.1784369946
19.0344059467
19.5940318108
18.8459308147
17.3485269547
17.3003959656
20.3695328236
17.3818781376
18.4746849537
18.7551779747
18.9347131252
17.9925618172
20.1823029518
17.2774529457
16.8396310806
17.5980010033
19.6441960335
17.8630409241
18.9543001652
18.4417719841
17.8744769096
18.1988048553
18.4465389252
18.0195741653
18.5025100708
16.0884401798
16.8679950237
19.2732651234
18.0895211697
18.8222308159
17.8094198704
19.8337259293
19.2321329117
17.7612230778
17.268184185
18.0060839653
17.1950440407
15.6583390236
16.2678880692
16.7719168663
17.8446009159
16.6085112095
18.3403599262
17.5548319817
20.1128499508
18.4721250534
19.7757110596
17.7600860596
17.4421010017
18.1274938583
17.6426649094
17.5318410397
17.8030028343
17.0120170116
16.9536430836
18.8659460545
17.273611784
18.0160970688
18.5627169609
16.4539949894
17.6650729179
19.1989340782
18.6186180115
16.9015948772
17.9157509804
17.6484999657
18.1921870708
19.7680039406
18.4132568836
18.41157794
18.1352610588
17.5327069759
18.1714551449
19.4867758751
19.0205829144
19.4596061707
18.5561690331
17.6139159203
18.3809599876
17.2011218071
19.2266900539
19.8462429047
18.9552540779
19.4232261181
16.9348089695
17.6040098667
18.7132191658
17.6857309341
17.7038869858
17.0724511147
17.8167209625
18.1919360161
17.6943559647
18.1314470768
17.7070970535
18.2326388359
17.9225788116
19.4024159908
18.7884690762
16.9752929211
17.2516629696
18.9293339252
19.1227009296
17.540719986
18.207269907
19.5981619358
18.2552790642
19.7389018536
18.1779360771
18.331936121
19.1855480671
18.7464239597
19.5367109776
17.660161972
18.2476809025
17.4751019478
18.2671430111
17.2920100689
17.6703760624
16.2271249294
18.3419411182
18.3201749325
19.0935459137
17.6174709797
18.3446321487
18.6566381454
18.8107440472
17.4415979385
17.6665840149
18.8249731064
17.0838558674
18.9524810314
17.9978718758
19.3598661423
19.3366119862
19.140692234
19.6284711361
17.9798250198
18.4543709755
17.1706190109
18.9110889435
16.6813268661
17.0024578571
15.5944621563
18.1357190609
18.3913838863
18.6081190109
17.0984108448
17.1538009644
16.6863200665
17.9576900005
17.9250380993
18.7590000629
16.0606780052
17.8843939304
18.6333589554
18.7574150562
17.9409410954
18.7761600018
17.2646539211
16.9857358932
17.8510479927
16.1389329433
17.2587769032
18.2485771179
18.1913361549
17.0240650177
17.9747200012
18.6734919548
18.5328369141
18.0959119797
17.244040966
20.0822489262
17.1816461086
17.6087801456
17.7999019623
16.4184949398
18.8688390255
18.3838431835
18.3288180828
18.4241638184
16.8675470352
17.9644219875
19.1964719296
17.0066168308
16.4433341026
16.7894001007
18.9384148121
18.395526886
16.0143909454
17.7136440277
19.1478040218
15.4022271633
19.1762411594
20.1803128719
18.333370924
17.4628839493
17.9090628624
17.8803319931
17.3955850601
19.9416270256
18.3813631535
19.0896139145
18.5579090118
18.6109728813
19.4110949039
17.35866189
17.8808701038
17.8602230549
18.4614319801
19.6695249081
17.6920502186
19.0147910118
19.9254908562
17.9036018848
17.9241900444
18.2712190151
17.6053419113
17.9729681015
16.5385189056
19.0242209435
18.0657110214
18.3507809639
20.3102850914
18.0715348721
17.8242371082
16.7895178795
19.1534249783
18.5466251373
16.750426054
17.1023020744
17.2342071533
18.1628501415
17.4731791019
17.7744760513
17.355779171
18.1368801594
17.1774249077
18.3399579525
17.0287709236
19.7008399963
18.317086935
17.2590119839
16.7536261082
16.7815840244
19.19571805
17.9839770794
17.4447629452
18.0244941711
16.8560709953
18.0230979919
17.7145228386
19.402215004
18.1695728302
16.4079558849
17.5382220745
21.1629450321
19.0729050636
17.3476359844
16.7420711517
18.5960741043
18.1811919212
18.8134119511
18.441245079
18.7010960579
18.834736824
20.2357811928
16.914470911
18.6174850464
16.5359611511
17.8574199677
19.6262221336
17.2444639206
19.6915779114
18.2377450466
18.0595149994
17.7306900024
18.110298872
18.5646779537
17.9636280537
18.5992069244
17.6824860573
18.4586820602
17.5422260761
17.8697869778
18.8762757778
17.856869936
18.4114580154
19.3073108196
17.0592758656
17.5386140347
19.6663808823
18.2123677731
17.985820055
16.5475358963
18.4734959602
18.9257671833
19.0374879837
18.3840811253
18.6948869228
17.230973959
15.5884590149
19.4276821613
18.0997450352
17.1321280003
17.7056090832
17.9170269966
17.5120649338
17.6670870781
18.3612761497
17.7805831432
18.2460329533
18.2434430122
19.2728078365
18.5179998875
17.2931549549
17.5913310051
18.2971658707
18.312816143
17.9834709167
18.7865581512
17.8291800022
19.5380430222
18.6474349499
19.2448151112
16.8198661804
17.1997020245
18.5215380192
17.2966589928
16.8280379772
18.7427728176
18.7009379864
17.3296539783
16.208687067
19.4163439274
17.2955539227
17.9440898895
18.3945789337
20.0823140144
19.0509431362
19.2370820045
17.5892620087
16.8794219494
17.7373440266
17.1563491821
19.4771790504
17.7171208858
18.1237678528
18.375674963
18.4409351349
18.0755479336
19.9549369812
20.187746048
16.0584378242
18.6635320187
18.6902070045
20.1605079174
18.5116679668
17.856965065
16.6526379585
19.250387907
20.5870840549
20.0864100456
16.9323210716
19.30560112
18.1882030964
16.7562088966
19.0925400257
17.5394091606
16.4065999985
17.2600340843
17.0539159775
17.5705060959
18.8926610947
17.9770338535
18.2977411747
17.7574679852
17.1393229961
18.3860549927
18.943518877
17.9701690674
16.7687129974
19.8380520344
17.8464570045
18.7240548134
18.5816609859
20.4136941433
18.2494080067
18.5323400497
16.5470328331
18.4296450615
18.1385548115
18.9553699493
19.0878248215
17.7813839912
18.3882110119