7.17560100555
6.45071101189
7.16183209419
6.53885698318
6.3501329422
8.16995406151
6.91710710526
7.59524893761
5.89657592773
5.9652671814
8.37210917473
6.6546959877
8.3116710186
7.26369404793
7.65820908546
6.09558105469
7.18152594566
7.26922678947
7.10160303116
6.38513684273
7.26830506325
7.61073994637
8.33099508286
8.31384396553
6.95674300194
6.98509788513
6.43126606941
7.81165885925
6.97592401505
6.69814991951
6.59722185135
6.97520899773
6.64295506477
6.63639187813
8.2440199852
6.52776193619
7.1520960331
6.98708486557
6.2305290699
6.42991900444
7.044891119
5.75652194023
6.02266812325
7.78719806671
6.39330601692
6.52559494972
7.22264480591
6.57666516304
6.95745491982
7.03397583961
7.32541894913
7.02157783508
6.4254128933
7.51231002808
7.39956617355
6.48608183861
7.44999980927
7.56445002556
7.74835014343
6.63049602509
6.31251192093
7.45306992531
6.23960804939
7.4734711647
6.32106685638
7.49840903282
6.99969005585
7.38673996925
8.1169359684
6.78981184959
7.0449090004
7.11988019943
8.35252308846
7.95455384254
7.57581090927
7.83041191101
5.98661494255
6.53345608711
7.42856383324
7.19373607635
7.86204195023
8.4377219677
7.09205293655
6.58752417564
6.93966197968
6.86992287636
6.01988196373
6.64716601372
6.98650217056
7.74773979187
6.90465116501
6.5936460495
6.02104187012
7.02268910408
7.10060691833
7.64622497559
7.99232888222
7.07776212692
8.07789993286
7.53652501106
8.14234995842
6.06794095039
8.32543301582
6.28573989868
7.69369912148
6.48389792442
7.38692593575
7.82384610176
7.21805500984
7.54188799858
8.11545300484
6.68955993652
6.54677796364
6.96239590645
6.53244400024
7.46230483055
7.56866884232
6.67550182343
7.19422411919
6.7503991127
8.23109197617
6.41582512856
7.14178490639
7.25982999802
6.90410804749
6.44956111908
6.44961881638
7.45602798462
6.52351498604
6.67300200462
7.12844705582
6.46088504791
7.99537491798
7.32466602325
7.04319500923
6.61322498322
6.7253279686
8.75396513939
7.47664999962
7.41730213165
6.03809905052
7.82024884224
7.33635997772
6.8538479805
7.24178886414
7.592867136
7.53309798241
7.54110503197
7.20008111
6.60924696922
6.78152298927
6.38464713097
6.78840184212
7.52320885658
8.1175160408
7.17641711235
7.28654313087
7.00528287888
5.86887407303
6.42892694473
7.26164984703
6.97831702232
8.33741092682
6.94302892685
6.57916998863
7.46753883362
7.35653710365
8.14085483551
6.61446905136
7.75223898888
6.90501904488
6.88039898872
7.62146401405
6.88502502441
7.87540912628
6.26411294937
6.50583720207
6.36451983452
6.29866194725
7.7132499218
6.91400694847
7.18643903732
5.83247303963
7.58539605141
7.71182799339
6.72415208817
6.97369480133
6.93795609474
6.52316999435
6.79202103615
6.39212012291
6.50554800034
6.75056505203
6.48514008522
6.99434995651
5.87136483192
7.90463781357
6.07128596306
7.55474114418
6.63166093826
6.18192386627
7.1564040184
7.50602483749
7.503510952
6.68103909492
6.3996090889
6.93416500092
7.45023608208
6.42199611664
6.49428486824
6.15460991859
6.81269311905
6.67281293869
6.4143269062
6.31544804573
6.56954503059
6.70497584343
7.38632297516
6.57557106018
7.57121801376
6.46868419647
6.28438901901
6.52832078934
6.71506309509
7.11958098412
7.47479701042
6.04139208794
6.80313205719
6.0026140213
6.9077091217
7.9374730587
6.49923086166
8.6075398922
7.13729810715
7.29955291748
7.23811888695
7.34933018684
8.03253006935
7.51884579659
6.73755717278
6.83348703384
7.31869888306
8.51013994217
6.33350205421
6.95669102669
7.01192808151
6.4745619297
8.01269412041
6.14455699921
7.67469787598
6.73204517365
8.36941790581
7.29406285286
6.00035786629
6.67395806313
6.46241497993
6.44567704201
6.90776991844
7.74511218071
7.70069408417
6.8321390152
5.89437699318
7.05672883987
6.31847500801
7.98028588295
6.95928406715
7.24840807915
7.95082187653
6.80745887756
7.83356785774
5.90165090561
8.37281298637
7.58151292801
6.60362195969
8.34143209457
7.00931191444
6.45970511436
7.18047380447
8.01255202293
7.21447300911
6.73454499245
6.90258312225
7.51386594772
7.08267998695
7.49586009979
8.41059112549
6.89015603065
7.13882803917
7.15798282623
6.58474707603
7.72140407562
6.86194801331
7.84682798386
7.39419007301
6.82762789726
6.54586291313
7.39128780365
7.17886209488
6.47619104385
6.81376314163
7.04624509811
6.28020095825
6.95858287811
7.54282188416
7.89389395714
7.60108399391
7.09173798561
7.82133197784
6.48262786865
6.00789904594
7.12575817108
7.83891296387
6.45996809006
7.48439598083
7.41216921806
7.72670698166
7.01909017563
6.96625900269
7.26573395729
7.08199501038
7.69947814941
7.07765293121
6.08619403839
6.21427893639
6.96999907494
7.18593883514
6.19694495201
7.60014104843
8.58288002014
6.25682997704
6.55997490883
5.80556416512
7.78567314148
6.93352794647
6.29706406593
7.10433793068
6.95566797256
9.05422902107
6.41903090477
6.86432313919
8.23603796959
6.02176618576
6.96212601662
6.5585641861
7.84132003784
6.34107017517
7.60818815231
7.33628106117
8.06686687469
7.02937579155
6.43598413467
6.72656917572
6.6943628788
6.32775807381
8.44634103775
6.73608493805
7.88313293457
6.35851311684
6.62859606743
7.24145698547
7.46876597404
8.0724158287
6.45256090164
6.17741107941
7.73394584656
8.44779086113
7.91102695465
6.52153396606
6.39722800255
7.43958306313
7.59102392197
7.51293802261
7.02745890617
6.09181594849
7.73546886444
7.8145968914
7.80103802681
6.48622584343
7.78355097771
7.79414200783
6.61287117004
7.48333287239
5.97507405281
7.62164592743
6.78514409065
6.95329594612
8.10261201859
6.39565086365
5.80863690376
6.30278110504
7.01379108429
8.63180613518
7.56913089752
6.37132692337
7.25127601624
7.14790296555
7.37183308601
7.11160993576
6.03849291801
8.51629710197
5.73031210899
7.41363692284
6.89678287506
8.08466100693
6.80218195915
6.9668469429
6.85749793053
6.85439300537
7.11489987373
7.34870910645
6.47476291656
6.60941004753
8.19838309288
7.12343597412
6.35233402252
7.48883104324
6.94139814377
7.11032509804
8.2149040699
8.01272988319
6.96237683296
6.37626695633
6.53959608078
6.55281305313
7.1387989521
7.20645999908
6.81775403023
7.4912571907
6.22538781166
7.03160786629
7.33242297173
8.01396107674
7.11424088478
8.34781193733
7.05734491348
7.12218308449
7.18824315071
7.91487693787
7.53169608116
7.39819288254
7.91127204895
7.86182808876
5.74308896065
6.47961187363
8.07137012482
7.32017993927
6.56340789795
7.24516606331
6.12790608406
6.1527030468
6.91365098953
6.29739117622
5.98454594612
6.90320897102
7.26332902908
7.36289191246
6.44960713387
7.70509505272
7.86347007751
7.32064509392
6.11793208122
6.48621487617
6.65751409531
8.37376308441
7.88863801956
6.33988904953
6.53770804405
7.13259506226
7.00296187401
7.32006597519
6.58272695541
6.80149888992
7.50427794456
6.2449297905
7.78250718117
7.20764493942
6.61657881737
6.04178595543
6.05928683281
7.44625902176
8.3920609951
6.67473983765
6.16017699242
6.68195295334
7.0529499054
6.17919111252
7.92736196518
5.82378602028
6.33207988739
6.55305504799
7.27772712708
7.87295794487
6.68007397652
7.63367009163
6.42080712318
7.17403888702
8.04692411423
6.99700689316
6.88708591461
6.34607938434