15.6587810516
18.5544548035
18.781443119
17.6955411434
17.0324821472
17.7868690491
18.2718708515
19.7186980247
19.512526989
17.6468629837
18.3157598972
17.4651949406
18.4297339916
17.9933400154
18.8078529835
18.7272391319
19.1507279873
18.8958089352
18.2170879841
17.590018034
17.5175991058
18.8298959732
18.5043458939
19.2589938641
20.6732289791
16.0527911186
18.0125620365
17.8821549416
20.8128471375
19.7536361217
19.4983479977
18.4873859882
17.965225935
20.0151588917
18.9694869518
18.6854357719
19.1803519726
19.1941668987
19.6173751354
18.8595860004
20.4675250053
20.1284649372
18.6170959473
18.5955917835
17.4609539509
20.3762321472
20.564478159
20.7929320335
19.9073450565
20.7407300472
19.9376580715
20.3268148899
18.6111598015
19.3475959301
19.7632231712
18.9185390472
19.6683659554
18.433011055
18.1639170647
17.9336848259
17.5516211987
18.6374249458
19.3241219521
18.9691579342
19.6621460915
17.2519600391
17.6717329025
19.157777071
17.7159900665
17.5446050167
17.9188320637
18.7123939991
19.6437828541
19.8191969395
20.3139607906
17.2771878242
17.570649147
19.5799131393
18.8011889458
17.9849119186
17.6930549145
17.7818548679
17.6257271767
20.0935709476
19.5133631229
18.7276549339
18.0400469303
18.8121960163
17.6884529591
16.9360370636
17.4030771255
19.6797120571
18.1912109852
19.9706430435
18.9550728798
18.7070090771
18.5178918839
20.6500680447
18.6495170593
19.3757178783
18.0695540905
19.1356060505
18.6945631504
19.2504661083
19.5634529591
19.3830881119
20.1369130611
19.6402971745
20.6639020443
19.8437309265
21.1146080494
18.9283289909
18.704627037
19.7771968842
19.0969750881
19.0608451366
19.1125190258
19.6298968792
20.594769001
19.8180339336
19.0999550819
18.1073980331
19.4023520947
19.5891640186
19.0387079716
18.6231150627
19.4518110752
18.1316070557
18.3374929428
19.8762540817
17.4193649292
20.2893891335
19.2234640121
18.8976919651
20.9085400105
18.5889811516
21.2637250423
19.1867740154
17.9867660999
19.9479780197
18.9414250851
18.7351779938
19.3135609627
18.7649319172
18.2397890091
20.3827831745
19.3516879082
19.4743480682
18.5884189606
18.5526368618
19.5180521011
19.4111208916
20.1827619076
19.013684988
18.9668619633
19.590018034
18.7245488167
20.0125420094
20.2903339863
20.5210888386
21.0570008755
19.4188299179
19.1326007843
19.8230619431
19.6556799412
19.2438559532
19.0931680202
19.7362070084
21.0168430805
18.788038969
19.0934979916
19.1825749874
20.7494149208
21.0503520966
21.4766039848
20.898514986
18.81930089
19.64797616
20.9819219112
19.2665770054
18.3799879551
19.5949549675
20.0793840885
18.0617251396
21.1410911083
19.9480860233
22.0086698532
18.1509330273
19.3449649811
20.7518959045
19.1755311489
21.958523035
20.0747289658
19.4148180485
20.5016598701
19.1653141975
20.554079771
17.2536540031
20.7625219822
20.5200400352
20.2699480057
18.536700964
19.1660740376
21.403331995
21.0015799999
17.9142570496
19.033962965
19.6367900372
19.6713519096
19.4601278305
20.4879341125
17.2571218014
20.1662738323
18.7302010059
18.6281769276
20.6032679081
19.2259271145
19.3700931072
20.3115639687
18.7741920948
19.2593009472
20.1011910439
19.1184351444
20.7639770508
19.047962904
18.5627570152
20.3567280769
18.0581729412
20.7895190716
21.9838678837
18.7670249939
20.0102369785
20.7693240643
20.0222458839
20.9446661472
20.4963448048
20.0434000492
19.4618239403
19.6004619598
18.8754439354
18.6534700394
20.7250890732
19.1472358704
19.3686759472
20.4763491154
19.2454118729
19.0937190056
18.7916820049
17.5849580765
17.1289720535
19.9706389904
18.5803689957
19.5532841682
19.0973827839
17.9251868725
20.8666319847
19.6487309933
18.7647399902
19.0481731892
19.1147928238
19.0910489559
17.6084330082
18.0846550465
18.4934458733
18.4569320679
19.4637160301
18.759611845
17.2747399807
16.9181060791
17.3520789146
18.7023370266
19.3791689873
18.7854940891
18.9559550285
17.8446550369
17.5240359306
18.5478470325
20.8117010593
18.3734099865
18.5270221233
19.1609888077
20.6274440289
20.6843848228
19.1659641266
19.2180211544
19.7233068943
19.6601691246
20.0479149818
21.752395153
20.8422858715
20.5931611061
19.4958410263
21.076406002
21.2742958069
19.4395289421
20.4714159966
21.1953270435
22.1710591316
20.8823928833
18.7831101418
19.9959681034
21.4337601662
19.5009479523
20.9354920387
20.0046980381
19.9184930325
21.303604126
20.4870688915
20.8078830242
19.1957859993
18.2131509781
19.4980509281
19.9843058586
20.141575098
19.6526248455
20.2637710571
20.4560670853
16.948925972
19.4755270481
19.08821702
20.4549491405
20.4135680199
19.6909241676
17.2333979607
20.0816428661
20.7892310619
21.1837759018
17.692907095
18.4403572083
19.3544991016
20.8234951496
17.3714909554
26.7095451355
17.3300709724
18.2996459007
18.7444159985
18.5983378887
20.1773760319
20.9005548954
17.1153488159
19.589812994
20.125056982
20.2276339531
21.5437169075
21.1797740459
19.6916260719
19.7016460896
19.2237148285
19.4428501129
18.750002861
20.6805970669
19.81777215
20.9698472023
18.8985629082
20.1350030899
19.2081329823
20.8279128075
20.3483359814
21.0014200211
19.1676478386
19.6348118782
17.5292751789
18.7432739735
22.0805160999
20.2848370075
18.5257549286
17.4754559994
18.004999876
20.6343979836
20.6810281277
18.4933569431
18.1565771103
17.1403858662
18.4613101482
17.2789411545
17.1753320694
19.9359719753
19.7487192154
18.4089410305
17.6730630398
17.7096071243
18.6105811596
18.2606761456
18.6796050072
18.7347898483
18.0433018208
18.9351580143
20.5126950741
19.6793451309
20.4829449654
19.7876121998
21.441421032
20.3379020691
19.2902519703
21.4920289516
20.3183181286
19.8143529892
20.0171740055
20.9943959713
20.9066390991
18.6208410263
20.3942000866
20.0878620148
19.955919981
19.225358963
18.9207489491
17.7705829144
19.7361249924
20.309019804
18.925276041
21.4509530067
19.8168990612
20.5707199574
19.7672059536
18.2071270943
21.0188539028
20.640501976
21.6478688717
21.5400850773
19.8026909828
19.826499939
18.9800009727
19.2590200901
19.9713330269
20.6390368938
19.8162820339
20.3946142197
20.1037430763
18.3720419407
18.9884459972
18.2854881287
19.0459289551
19.0589640141
18.6075370312
19.5265960693
18.0176670551
17.5534749031
18.9946038723
17.9788579941
18.6706039906
18.8902130127
17.6459751129
18.5813250542
17.8219861984
19.0197110176
17.4172649384
18.7316200733
20.0454349518
18.3746209145
18.2802460194
20.4722490311
18.1680459976
18.0305638313
18.331125021
18.8370120525
17.9005551338
17.0498049259
18.4283130169
18.2077088356
19.7715988159
17.9645740986
19.2452712059
19.3136649132
17.1238219738
18.8543078899
20.8644180298
18.4917869568
20.4688799381
20.1863889694
19.6046597958
17.6187508106
20.7335860729
19.55082798
20.331207037
19.6564011574
19.7471148968
18.8064968586
21.5057058334
20.9384279251
20.3188409805
19.9515390396
20.041134119
19.5644388199
20.4884040356
21.2221000195
18.0397260189
19.7649569511
18.6638479233
19.7859230042
20.2697710991
20.4381039143
19.3412349224
19.6937670708
17.1568539143
18.3580970764
18.504971981
20.0477190018
19.2074131966
19.0088150501
19.186218977